1,13,7815,1
1,14,7714,2
1,7,7702,3
1,2,7691,4
1,4,7668,5
1,5,7645,6
1,9,7637,7
1,8,7618,8
1,10,7594,9
1,3,7581,10
1,12,7571,11
1,17,7546,12
1,16,7542,13
1,15,7532,14
1,11,7524,15
1,18,7515,16
1,6,7447,17
10,13,7815,1
10,14,7714,2
10,7,7702,3
10,2,7691,4
10,4,7668,5
10,5,7645,6
10,9,7637,7
10,8,7618,8
10,3,7581,9
10,12,7571,10
10,17,7546,11
10,16,7542,12
10,15,7532,13
10,11,7524,14
10,18,7515,15
10,6,7447,16
10,1,7286,17
11,13,7815,1
11,14,7714,2
11,7,7702,3
11,2,7691,4
11,4,7668,5
11,5,7645,6
11,9,7637,7
11,8,7618,8
11,10,7594,9
11,3,7581,10
11,12,7571,11
11,17,7546,12
11,16,7542,13
11,15,7532,14
11,18,7515,15
11,6,7447,16
11,1,7286,17
12,13,7815,1
12,14,7714,2
12,7,7702,3
12,2,7691,4
12,4,7668,5
12,5,7645,6
12,9,7637,7
12,8,7618,8
12,10,7594,9
12,3,7581,10
12,17,7546,11
12,16,7542,12
12,15,7532,13
12,11,7524,14
12,18,7515,15
12,6,7447,16
12,1,7286,17
13,14,7714,1
13,7,7702,2
13,2,7691,3
13,4,7668,4
13,5,7645,5
13,9,7637,6
13,8,7618,7
13,10,7594,8
13,3,7581,9
13,12,7571,10
13,17,7546,11
13,16,7542,12
13,15,7532,13
13,11,7524,14
13,18,7515,15
13,6,7447,16
13,1,7286,17
14,13,7815,1
14,7,7702,2
14,2,7691,3
14,4,7668,4
14,5,7645,5
14,9,7637,6
14,8,7618,7
14,10,7594,8
14,3,7581,9
14,12,7571,10
14,17,7546,11
14,16,7542,12
14,15,7532,13
14,11,7524,14
14,18,7515,15
14,6,7447,16
14,1,7286,17
15,13,7815,1
15,14,7714,2
15,7,7702,3
15,2,7691,4
15,4,7668,5
15,5,7645,6
15,9,7637,7
15,8,7618,8
15,10,7594,9
15,3,7581,10
15,12,7571,11
15,17,7546,12
15,16,7542,13
15,11,7524,14
15,18,7515,15
15,6,7447,16
15,1,7286,17
16,13,7815,1
16,14,7714,2
16,7,7702,3
16,2,7691,4
16,4,7668,5
16,5,7645,6
16,9,7637,7
16,8,7618,8
16,10,7594,9
16,3,7581,10
16,12,7571,11
16,17,7546,12
16,15,7532,13
16,11,7524,14
16,18,7515,15
16,6,7447,16
16,1,7286,17
17,13,7815,1
17,14,7714,2
17,7,7702,3
17,2,7691,4
17,4,7668,5
17,5,7645,6
17,9,7637,7
17,8,7618,8
17,10,7594,9
17,3,7581,10
17,12,7571,11
17,16,7542,12
17,15,7532,13
17,11,7524,14
17,18,7515,15
17,6,7447,16
17,1,7286,17
18,13,7815,1
18,14,7714,2
18,7,7702,3
18,2,7691,4
18,4,7668,5
18,5,7645,6
18,9,7637,7
18,8,7618,8
18,10,7594,9
18,3,7581,10
18,12,7571,11
18,17,7546,12
18,16,7542,13
18,15,7532,14
18,11,7524,15
18,6,7447,16
18,1,7286,17
2,13,7815,1
2,14,7714,2
2,7,7702,3
2,4,7668,4
2,5,7645,5
2,9,7637,6
2,8,7618,7
2,10,7594,8
2,3,7581,9
2,12,7571,10
2,17,7546,11
2,16,7542,12
2,15,7532,13
2,11,7524,14
2,18,7515,15
2,6,7447,16
2,1,7286,17
3,13,7815,1
3,14,7714,2
3,7,7702,3
3,2,7691,4
3,4,7668,5
3,5,7645,6
3,9,7637,7
3,8,7618,8
3,10,7594,9
3,12,7571,10
3,17,7546,11
3,16,7542,12
3,15,7532,13
3,11,7524,14
3,18,7515,15
3,6,7447,16
3,1,7286,17
4,13,7815,1
4,14,7714,2
4,7,7702,3
4,2,7691,4
4,5,7645,5
4,9,7637,6
4,8,7618,7
4,10,7594,8
4,3,7581,9
4,12,7571,10
4,17,7546,11
4,16,7542,12
4,15,7532,13
4,11,7524,14
4,18,7515,15
4,6,7447,16
4,1,7286,17
5,13,7815,1
5,14,7714,2
5,7,7702,3
5,2,7691,4
5,4,7668,5
5,9,7637,6
5,8,7618,7
5,10,7594,8
5,3,7581,9
5,12,7571,10
5,17,7546,11
5,16,7542,12
5,15,7532,13
5,11,7524,14
5,18,7515,15
5,6,7447,16
5,1,7286,17
6,13,7815,1
6,14,7714,2
6,7,7702,3
6,2,7691,4
6,4,7668,5
6,5,7645,6
6,9,7637,7
6,8,7618,8
6,10,7594,9
6,3,7581,10
6,12,7571,11
6,17,7546,12
6,16,7542,13
6,15,7532,14
6,11,7524,15
6,18,7515,16
6,1,7286,17
7,13,7815,1
7,14,7714,2
7,2,7691,3
7,4,7668,4
7,5,7645,5
7,9,7637,6
7,8,7618,7
7,10,7594,8
7,3,7581,9
7,12,7571,10
7,17,7546,11
7,16,7542,12
7,15,7532,13
7,11,7524,14
7,18,7515,15
7,6,7447,16
7,1,7286,17
8,13,7815,1
8,14,7714,2
8,7,7702,3
8,2,7691,4
8,4,7668,5
8,5,7645,6
8,9,7637,7
8,10,7594,8
8,3,7581,9
8,12,7571,10
8,17,7546,11
8,16,7542,12
8,15,7532,13
8,11,7524,14
8,18,7515,15
8,6,7447,16
8,1,7286,17
9,13,7815,1
9,14,7714,2
9,7,7702,3
9,2,7691,4
9,4,7668,5
9,5,7645,6
9,8,7618,7
9,10,7594,8
9,3,7581,9
9,12,7571,10
9,17,7546,11
9,16,7542,12
9,15,7532,13
9,11,7524,14
9,18,7515,15
9,6,7447,16
9,1,7286,17
